#   DATE TIME   EVLA    EVLO   STLA    STLO  EVDP   DIST    AZI    BAZ   FAST DFAST  TLAG DTLAG   SPOL DSPOL    WBEG    WEND STAT STRIKE   DIP REGION
 2008082 2124  52.10 -178.98  30.48  -99.80 256.0  60.18  77.77 315.71 -75.00  3.75  1.58  0.09 315.51  1.57 1047.99 1069.93  JCT 257.38 58.86 Aleutian
 2008082 2124  52.10 -178.98  31.70 -105.38 256.0  55.94  80.75 314.42 -68.00  2.75  1.48  0.08 317.79  0.59  997.85 1030.33 MNTX 257.38 58.86 Aleutian
 1993284 1554  32.02  138.24  38.03 -120.39 391.0  78.96  52.07 301.95  58.00 20.50  0.28  0.24  79.38  0.22 1251.96 1267.37  CMB 159.87 50.85 Izu-Bonin
 2002214 2311  29.35  139.25  38.03 -120.39 441.5  79.91  52.09 299.27   1.00 20.00  0.25  0.28 115.82  0.43 1241.21 1260.33  CMB 158.11 63.74 Izu-Bonin
 2008202 2130  27.77  139.62  48.26 -117.12 481.4  77.94  41.69 298.12 -46.00  3.50  1.43  0.17 114.31  1.49 1210.27 1230.16  NEW 161.40 71.21 Izu-Bonin
 1992220 1111  35.74  135.33  38.03 -120.39 364.0  78.56  51.33 306.45 -34.00  3.00  1.65  0.17 342.24  1.63 1245.56 1262.59  CMB 168.13 25.29 Japan
 1995089 2215  44.84  137.54  54.72 -101.98 319.4  68.71  32.45 318.85  88.00 10.00  0.55  0.16 157.77  2.03 1134.67 1155.77  FFC 207.61 24.05 Japan
 1995090 1401  38.27  135.04  37.63 -118.83 358.0  78.38  51.14 309.47   5.00  7.00  1.60  0.23  74.30  1.64 1247.33 1261.88 MLAC 204.03 30.69 Japan
 1996357 1453  43.10  139.06  38.03 -120.39 238.0  71.83  54.79 310.73   7.00  7.00  1.15  0.35  21.29  1.01 1192.49 1219.17  CMB 225.52 26.16 Japan
 1996357 1453  43.10  139.06  54.72 -101.98 238.0  69.58  32.79 316.86  18.00 19.75  0.65  0.29 182.55  0.93 1161.88 1187.63  FFC 225.52 26.16 Japan
 1996357 1453  43.10  139.06  32.68 -116.67 238.0  77.67  56.79 313.40  11.00  2.25  1.48  0.18  22.36  0.32 1257.67 1275.17  BAR 225.52 26.16 Japan
 1999098 1310  43.63  130.89  38.03 -120.39 621.0  76.24  50.35 314.93  53.00  6.00  1.30  0.17  81.27  0.80 1188.07 1204.60  CMB 180.06 27.09 Japan
 2002258 0839  44.83  129.92  38.03 -120.39 586.3  76.01  50.01 316.34  55.00  3.25  1.23  0.26  64.51  0.32 1183.42 1199.46  CMB 183.11 27.45 Japan
 2002258 0839  44.83  129.92  48.26 -117.12 586.3  70.29  40.81 315.90 -27.00  1.75  1.18  0.12  50.18  0.10 1119.83 1131.89  NEW 183.11 27.45 Japan
 2003243 2307  43.40  132.23  38.03 -120.39 458.0  75.63  51.07 314.11  25.00  3.75  1.83  0.28 129.66  0.75 1192.78 1208.08  CMB 175.61 28.98 Japan
 2007197 1417  36.79  134.92  38.03 -120.39 362.8  78.17  51.30 307.50  34.00  3.75  0.65  0.08  56.25  0.38 1234.19 1257.44  CMB 188.14 28.12 Japan
 2008156 1703  41.54  139.06  54.72 -101.98 205.0  70.90  32.49 315.97 -68.00 14.50  0.38  0.09  61.47  0.27 1188.90 1201.87  FFC 183.75 27.16 Japan
 2001276 1725  47.08  148.63  37.63 -118.84 284.5  65.17  60.92 311.21 -44.00 19.75  0.50  0.30  86.52  1.86 1111.61 1123.84 MLAC 236.12 48.01 Kuril
 2001276 1725  47.08  148.63  38.64  -90.24 284.5  79.79  42.93 323.53 -62.00  1.75  1.15  0.03  81.07  0.17 1269.79 1282.76  SLM 236.12 48.01 Kuril
 2002321 0453  47.99  146.40  38.03 -120.39 456.4  64.86  60.56 312.20  44.00  6.75  1.38  0.43  56.06  0.76 1078.15 1105.95  CMB 257.16 47.56 Kuril
 2002321 0453  47.99  146.40  36.44 -118.08 456.4  67.29  60.47 313.55 -14.00 17.50  0.73  0.29  42.50  2.75 1099.62 1132.08  CWC 257.16 47.56 Kuril
 2002321 0453  47.99  146.40  33.65 -117.01 456.4  69.86  61.96 314.70   4.00 14.00  0.53  0.14  56.35  0.58 1130.06 1156.48  DGR 257.16 47.56 Kuril
 2002321 0453  47.99  146.40  54.83  -66.83 456.4  73.79  19.28 337.46 -39.00  2.00  0.88  0.07  69.56  0.17 1177.80 1197.07 SCHQ 257.16 47.56 Kuril
 2002321 0453  47.99  146.40  54.72 -101.98 456.4  62.62  37.39 315.31 -51.00 21.50  0.40  0.33  48.50  0.39 1044.40 1068.79  FFC 257.16 47.56 Kuril
 2002321 0453  47.99  146.40  48.26 -117.12 456.4  59.97  50.07 309.56 -29.00  3.00  0.93  0.10  42.20  0.38 1017.33 1036.71  NEW 257.16 47.56 Kuril
 2002321 0453  47.13  146.83  33.65 -117.01 496.0  70.01  61.94 313.75   2.00 17.25  0.53  0.23  56.38  0.51 1132.13 1153.06  DGR 248.01 44.06 Kuril
 2002321 0453  47.13  146.83  49.26  -57.50 496.0  81.70  15.83 343.48 -75.00  7.50  0.80  0.13  75.10  0.49 1246.74 1265.13 DRLN 248.01 44.06 Kuril
 2002321 0453  47.13  146.83  38.64  -90.24 496.0  80.58  41.78 324.49  89.00  2.25  0.93  0.05 245.04  1.24 1241.90 1248.45  SLM 248.01 44.06 Kuril
 2004162 1519  55.68  160.25  37.63 -118.84 208.0  55.10  72.91 317.01 -37.00 14.00  0.85  0.21  88.68  1.10 1008.05 1021.39 MLAC 205.91 54.01 Kuril
 2004162 1519  55.68  160.25  29.33 -103.67 208.0  69.56  67.91 323.05 -36.00 17.75  0.78  0.36  70.30  1.48 1179.72 1199.47 TX31 205.91 54.01 Kuril
 2004162 1519  55.68  160.25  38.06  -91.24 208.0  68.65  53.49 324.78 -39.00 12.50  0.63  0.15  84.98  0.37 1165.13 1185.21  CCM 205.91 54.01 Kuril
 2006142 1307  54.14  158.92  37.63 -118.84 206.0  56.31  70.99 315.52  85.00  2.75  1.23  0.11 248.04  1.61 1022.76 1035.60 MLAC 214.27 45.22 Kuril
 2006142 1307  54.14  158.92  38.06  -91.24 206.0  70.20  52.11 323.97 -88.00  5.75  0.63  0.15  77.99  0.26 1183.93 1199.99  CCM 214.27 45.22 Kuril
 2006142 1307  54.14  158.92  38.64  -90.24 206.0  70.20  51.07 324.24 -79.00  5.50  1.02  0.13  75.60  0.46 1183.25 1199.33  SLM 214.27 45.22 Kuril
 2008187 0212  53.88  152.89  37.63 -118.84 632.8  59.73  66.77 316.75 -11.00 12.50  0.93  0.24 104.66  1.59  984.97 1009.70 MLAC 193.75 63.00 Kuril
 2008329 0902  54.20  154.32  38.64  -90.24 492.3  72.21  47.96 326.14 -65.00 11.50  0.73  0.16  75.27  1.29 1149.52 1167.42  SLM 204.21 59.70 Kuril
 1995175 0658  -3.96  153.93 -66.66  140.00 386.0  63.34 186.16  15.59   5.00  2.00  0.85  0.02 132.55  0.22 1069.39 1077.94  DRV 309.47 73.11 New_Britain
 1999130 2032  -6.14  152.37 -66.66  140.00 222.0  61.03 185.60  14.09  -5.00  6.25  2.00  0.24  24.77  2.82 1091.64 1113.32  DRV 254.68  6.73 New_Britain
 2006361 2015  -5.26  154.30 -66.66  140.00 430.0  62.10 186.39  16.16  -5.00  5.50  1.05  0.09  51.45  0.98 1037.59 1054.37  DRV 313.98 70.82 New_Britain
 1996272 1410  10.05  125.43 -66.66  140.00 237.0  77.25 174.10 345.28  -7.00  7.50  1.35  0.14  24.67  2.07 1250.90 1266.83  DRV 159.81 64.71 Philippine
 2005036 1223   5.02  123.53 -66.66  140.00 558.0  72.49 173.20 342.77  20.00  2.75  0.70  0.03  57.39  0.13 1155.58 1165.40  DRV 199.00 52.70 Philippine
 1991174 2122 -26.80  -63.35  38.06  -91.24 558.0  69.62 336.80 153.51 -37.00  4.00  1.13  0.29  43.82  0.71 1094.81 1129.55  CCM  -3.78 63.88 South_America
 1993292 0402 -22.38  -65.97  38.03 -120.39 272.0  78.87 319.12 129.90 -41.00  9.75  0.90  0.25  26.96  0.98 1259.15 1283.39  CMB  -8.25 37.84 South_America
 1994010 1553 -13.34  -69.45  38.03 -120.39 596.0  69.90 319.24 126.41 -53.00 19.50  0.85  0.48  13.84  1.27 1110.96 1132.66  CMB -48.81 72.94 South_America
 1994119 0711 -28.24  -63.04  38.06  -91.24 546.0  71.04 336.77 153.84 -33.00  3.00  1.27  0.25  48.10  0.56 1123.08 1146.10  CCM -11.41 65.41 South_America
 1994130 0636 -28.37  -63.03  38.06  -91.24 595.0  71.17 336.78 153.88 -24.00 17.50  0.55  0.25  49.96  0.55 1121.96 1142.38  CCM -13.15 65.35 South_America
 1994231 1002 -26.48  -63.27  38.06  -91.24 539.0  69.35 336.69 153.30 -30.00  1.25  1.33  0.09  49.08  0.28 1109.15 1127.98  CCM  -4.31 64.07 South_America
 1997332 2253 -13.74  -68.79  38.06  -91.24 586.0  55.66 338.58 153.29  72.00  3.75  1.00  0.14 235.99  1.14  929.20  947.70  CCM -57.26 66.58 South_America
 1998242 0752 -23.93  -66.91  38.06  -91.24 219.5  65.76 339.10 155.57  29.00 11.25  0.90  0.17  61.48  1.29 1125.37 1137.67  CCM  -7.41 26.44 South_America
 1999240 1239  -1.90  -79.16  38.03 -120.39 201.7  55.01 320.57 126.49  -3.00  3.25  1.93  0.16  63.79  0.93 1004.11 1032.07  CMB -19.31 21.22 South_America
 1999240 1239  -1.90  -79.16  54.72 -101.98 201.7  59.50 344.86 153.27 -15.00 19.75  0.65  0.51  87.84  1.24 1054.49 1071.16  FFC -19.31 21.22 South_America
 1999258 0301 -21.22  -66.23  32.68 -116.67 232.6  72.08 316.89 130.88 -10.00  5.00  0.75  0.08  21.45  0.49 1183.60 1210.91  BAR -11.28 34.94 South_America
 1999258 0301 -21.22  -66.23  54.83  -66.83 232.6  75.74 359.64 179.42   2.00  8.50  0.70  0.21 108.78  0.76 1226.43 1246.95 SCHQ -11.28 34.94 South_America
 1999258 0301 -21.22  -66.23  38.06  -91.24 232.6  63.48 338.10 153.84  84.00  6.25  1.15  0.30 251.28  1.48 1079.47 1098.94  CCM -11.28 34.94 South_America
 1999258 0301 -21.22  -66.23  38.64  -90.24 232.6  63.66 339.17 154.94 -66.00 13.00  0.63  0.11  68.65  2.03 1082.70 1104.79  SLM -11.28 34.94 South_America
 2000114 0927 -27.71  -62.32  32.68 -116.67 640.0  79.21 315.76 132.83  -9.00  7.50  0.47  0.06  23.70  0.37 1202.77 1223.62  BAR  -5.30 67.27 South_America
 2000114 0927 -27.71  -62.32  38.64  -90.24 640.0  70.98 337.18 153.96 -57.00 12.75  0.70  0.19  59.32  1.97 1107.03 1140.00  SLM  -5.30 67.27 South_America
 2000133 1843 -23.70  -66.73  37.63 -118.84 235.1  78.23 320.21 132.36  40.00  7.50  1.13  0.29 201.35  1.25 1268.20 1291.65 MLAC  -5.54 28.68 South_America
 2000133 1843 -23.70  -66.73  42.77 -111.10 235.1  77.75 328.20 139.01 -15.00  3.50  1.18  0.06  35.08  0.63 1255.73 1286.65 AHID  -5.54 28.68 South_America
 2001180 1835 -19.47  -66.18  38.03 -120.39 265.6  76.56 318.81 128.11 -13.00  1.75  1.38  0.11  61.34  0.24 1240.43 1261.65  CMB -18.89 40.42 South_America
 2001180 1835 -19.47  -66.18  33.65 -117.01 265.6  71.68 317.06 129.60  -5.00 12.00  0.90  0.26  60.20  0.69 1187.49 1208.52  DGR -18.89 40.42 South_America
 2001180 1835 -19.47  -66.18  54.72 -101.98 265.6  79.98 339.84 145.91 -33.00  7.75  0.43  0.09  80.10  0.22 1274.76 1290.14  FFC -18.89 40.42 South_America
 2001180 1835 -19.47  -66.18  38.06  -91.24 265.6  61.88 337.72 153.05 -59.00  8.50  0.50  0.05  83.22  0.37 1065.53 1081.85  CCM -18.89 40.42 South_America
 2002285 2009  -7.96  -71.47  38.03 -120.39 540.4  64.56 318.77 124.23   5.00  6.50  2.13  0.33 161.23  1.19 1050.20 1081.56  CMB  -9.01 66.69 South_America
 2002285 2009  -7.96  -71.47  33.65 -117.01 540.4  59.81 316.47 125.13  58.00  8.50  1.45  0.39 169.49  0.50  999.05 1018.75  DGR  -9.01 66.69 South_America
 2002285 2009  -7.96  -71.47  54.72 -101.98 540.4  67.48 341.41 147.02   9.00 16.25  0.57  0.19 161.14  0.72 1081.86 1106.53  FFC  -9.01 66.69 South_America
 2003171 0619  -7.28  -71.69  54.83  -66.83 569.7  62.02   3.18 185.46 -39.00  2.75  1.65  0.25 331.57  0.88 1020.51 1035.13 SCHQ  -1.86 65.82 South_America
 2003171 0619  -7.28  -71.69  38.03 -120.39 569.7  63.91 318.66 123.92   7.00  4.00  1.98  0.11 148.37  1.66 1039.29 1062.45  CMB  -1.86 65.82 South_America
 2003208 1141 -20.13  -65.18  38.03 -120.39 345.3  77.67 318.41 127.83 -17.00  2.75  1.38  0.08  45.51  0.36 1232.70 1258.22  CMB -19.95 44.72 South_America
 2003208 1141 -20.13  -65.18  32.68 -116.67 345.3  71.97 316.05 129.35   0.00 18.00  0.40  0.14  42.58  2.15 1176.12 1191.25  BAR -19.95 44.72 South_America
 2003208 1141 -20.13  -65.18  38.06  -91.24 345.3  62.85 337.06 152.35 -88.00  4.25  0.70  0.13  78.25  0.45 1057.90 1077.78  CCM -19.95 44.72 South_America
 2003208 1141 -20.13  -65.18  40.64  -77.89 345.3  61.60 349.03 166.41 -26.00  8.25  0.68  0.06 104.53  1.05 1044.09 1065.68 SSPA -19.95 44.72 South_America
 2003208 1141 -20.13  -65.18  41.01  -73.91 345.3  61.36 352.48 170.65   2.00 20.75  0.68  0.98 105.47  1.07 1043.32 1064.46  PAL -19.95 44.72 South_America
 2003208 1141 -20.13  -65.18  38.64  -90.24 345.3  63.00 338.15 153.47 -43.00  3.00  0.80  0.05  74.18  0.73 1062.09 1077.38  SLM -19.95 44.72 South_America
 2003208 1141 -20.13  -65.18  38.06  -91.24 345.3  62.85 337.06 152.35 -87.00  9.00  0.65  0.20  79.38  1.36 1060.04 1093.27  CCM -19.95 44.72 South_America
 2003208 1141 -20.13  -65.18  38.03 -120.39 345.3  77.67 318.41 127.83 -17.00  3.25  1.38  0.09  45.48  0.34 1234.70 1256.05  CMB -19.95 44.72 South_America
 2003208 1141 -20.13  -65.18  33.03  -87.00 345.3  56.83 338.10 155.34 -12.00 19.50  0.80  0.34  86.58  1.04  984.33 1007.75 LRAL -19.95 44.72 South_America
 2003208 1141 -20.13  -65.18  40.64  -77.89 345.3  61.60 349.03 166.41 -29.00 10.75  0.68  0.08 103.30  1.67 1047.71 1069.25 SSPA -19.95 44.72 South_America
 2004317 0636 -26.70  -63.32  32.68 -116.67 568.7  77.87 316.20 132.77 -58.00 20.00  0.40  0.25 359.66  1.22 1203.33 1217.64  BAR  -4.12 64.01 South_America
 2004317 0636 -26.70  -63.32  49.26  -57.50 568.7  75.79   3.93 185.37 -82.00  9.50  0.75  0.11  63.08  0.63 1182.40 1194.10 DRLN  -4.12 64.01 South_America
 2004317 0636 -26.70  -63.32  29.96  -95.84 568.7  64.37 328.84 147.77 -25.00 18.50  0.38  0.18  22.93  1.08 1042.89 1066.70  HKT  -4.12 64.01 South_America
 2004317 0636 -26.70  -63.32  30.48  -99.80 568.7  66.71 326.03 144.61  67.00  8.75  0.45  0.05 196.48  0.54 1072.60 1090.21  JCT  -4.12 64.01 South_America
 2004318 0733 -26.75  -63.36  29.96  -95.84 573.1  64.40 328.89 147.83 -47.00  6.50  0.68  0.12  19.02  0.52 1046.81 1063.99  HKT  -4.13 63.73 South_America
 2005080 1243 -24.68  -63.51  42.30  -83.66 567.1  69.20 344.14 160.42 -24.00 15.75  1.00  0.35  78.82  1.29 1100.83 1122.14  AAM   0.80 64.07 South_America
 2005313 1133  -1.04  -76.98  38.03 -120.39 247.6  55.77 318.98 123.80   6.00  9.75  1.70  0.18  58.80  1.43  994.42 1010.29  CMB -33.73 20.26 South_America
 2006265 0232 -26.39  -63.63  38.06  -91.24 594.0  69.14 336.95 153.58 -33.00  2.00  1.63  0.16  47.30  0.54 1107.18 1118.02  CCM  -7.70 60.87 South_America
 2006265 0232 -26.39  -63.63  30.48  -99.80 594.0  66.30 326.19 144.68 -85.00  7.25  0.38  0.06  30.78  0.69 1073.85 1087.94  JCT  -7.70 60.87 South_America
 2006317 0126 -25.48  -63.16  38.06  -91.24 589.2  68.48 336.45 152.78  75.00  8.75  1.13  0.39 242.22  0.67 1095.75 1116.40  CCM  -1.83 65.60 South_America
 2006317 0126 -25.48  -63.16  38.64  -90.24 589.2  68.64 337.49 153.78 -67.00 10.75  0.75  0.12  59.23  0.65 1096.82 1120.20  SLM  -1.83 65.60 South_America
 2007202 1327  -8.10  -71.30  49.26  -57.50 644.0  58.38  10.57 196.10 -72.00  6.50  0.82  0.10  76.57  0.82  968.84  977.57 DRLN -13.12 67.18 South_America
 2007202 1327  -8.10  -71.30  42.02 -117.67 644.0  65.43 323.63 128.00  -8.00  5.75  1.02  0.07  28.46  2.03 1053.36 1071.57 L09A -13.12 67.18 South_America
 2007202 1327  -8.10  -71.30  48.26 -117.12 644.0  69.09 329.14 130.52 -14.00  5.00  1.15  0.08  23.96  1.37 1090.66 1115.66  NEW -13.12 67.18 South_America
 2007202 1327  -8.10  -71.30  48.26 -117.12 644.0  69.09 329.14 130.52 -14.00  5.25  1.15  0.09  23.64  1.30 1090.95 1115.59  NEW -13.12 67.18 South_America
 2007202 1534 -23.02  -66.32  37.63 -118.84 280.0  77.95 319.89 131.62  35.00  3.75  1.68  0.30 201.70  1.18 1248.37 1275.63 MLAC  -7.93 34.56 South_America
 2007202 1534 -23.02  -66.32  54.83  -66.83 280.0  77.53 359.70 179.52 -10.00  3.75  1.05  0.16  97.76  0.26 1241.15 1262.83 SCHQ  -7.93 34.56 South_America
 2007202 1534 -23.02  -66.32  50.25  -95.87 280.0  77.50 341.07 152.26 -39.00  1.25  1.58  0.13  60.05  0.19 1239.52 1262.55  ULM  -7.93 34.56 South_America
 2007322 0540 -22.72  -66.89  41.01  -73.91 263.7  63.73 354.08 172.77 -30.00 14.75  0.55  0.14 109.79  1.55 1097.10 1109.88  PAL  -9.59 29.47 South_America
 2008247 1125 -26.74  -63.22  38.64  -90.24 569.6  69.78 337.72 154.35 -87.00 11.75  0.43  0.07  54.92  0.24 1110.30 1119.86  SLM  -3.33 64.94 South_America
 2008286 2055 -20.12  -64.97  38.03 -120.39 352.7  77.80 318.31 127.67 -25.00  6.75  1.18  0.15  33.89  1.05 1236.88 1251.80  CMB -19.59 46.08 South_America
 2008286 2055 -20.12  -64.97  29.33 -103.67 352.7  61.72 321.69 138.15  22.00  4.00  1.38  0.09  48.55  1.76 1051.08 1061.08 TX31 -19.59 46.08 South_America
 1991158 1151  -7.11  122.76 -66.66  140.00 505.4  60.64 172.21 340.27 -45.00 15.00  0.70  0.22  25.57  2.25 1003.09 1029.77  DRV 252.86 67.67 Sumatra
 1992215 1203  -7.06  121.92 -66.66  140.00 480.0  60.80 171.86 339.34  47.00 15.50  0.33  0.11 167.54  1.05 1015.32 1030.89  DRV 250.24 71.89 Sumatra
 1994271 1639  -5.97  110.52 -66.66  140.00 648.0  63.92 167.39 326.97 -22.00 12.25  0.57  0.15 127.60  1.63 1035.27 1055.17  DRV 276.13 64.53 Sumatra
 1994319 2018  -5.57  110.22 -66.66  140.00 556.0  64.37 167.32 326.75  -5.00  8.50  0.45  0.04 129.81  1.15 1041.14 1069.39  DRV 278.91 68.00 Sumatra
 1994319 2018  -5.59  110.19 -66.66  140.00 560.6  64.36 167.31 326.71  -4.00  2.25  0.45  0.00 130.17  0.07 1049.48 1060.34  DRV 279.72 68.03 Sumatra
 1997269 1548  -5.38  128.99 -66.66  140.00 253.8  61.66 175.04 347.52  -7.00 22.75  0.57  0.25 126.44  3.23 1067.94 1084.99  DRV 158.00 39.00 Sumatra
 1999315 1805   1.28  100.32 -66.66  140.00 211.0  73.37 164.61 318.22 -47.00  3.25  1.38  0.08  70.06  2.11 1209.39 1232.47  DRV 268.65 72.92 Sumatra
 2001047 0559  -7.16  117.49 -66.66  140.00 521.0  61.40 170.00 334.36  38.00 14.00  0.47  0.11 167.73  1.67 1023.13 1033.00  DRV 284.66 61.66 Sumatra
 2002276 1905  -7.50  115.70 -66.66  140.00 315.0  61.38 169.24 332.30   2.00  8.25  0.63  0.06 131.09  1.45 1049.79 1074.14  DRV 277.81 67.17 Sumatra
 2004158 0938  -6.04  113.11   8.90   38.68 579.4  75.66 280.74  98.57 -42.00  7.00  0.93  0.13  77.79  1.00 1183.34 1197.28 FURI 277.73 67.19 Sumatra
 2006252 0413  -7.11  120.11 -66.66  140.00 541.0  61.02 171.09 337.29  32.00 14.00  0.45  0.17 144.05  0.98 1009.84 1029.26  DRV 296.88 63.32 Sumatra
 2007220 1704  -6.07  107.57 -66.66  140.00 291.9  64.49 166.31 323.78 -40.00  7.75  1.13  0.21 116.38  1.07 1090.99 1126.35  DRV 294.00 65.80 Sumatra
 1992243 2009 -17.92 -178.71 -66.66  140.00 565.0  55.56 198.58  49.62 -30.00  8.75  1.35  0.20   1.28  2.26  940.77  958.03  DRV 172.10 22.13 Tonga
 1998088 1948 -17.58 -178.99  38.03 -120.39 529.8  77.98  43.56 236.35  -9.00  2.50  1.77  0.11  17.33  0.58 1204.67 1228.72  CMB 133.07 22.17 Tonga
 1998088 1948 -17.58 -178.99  33.65 -117.01 529.8  77.98  48.84 239.42  -2.00  3.25  1.45  0.11  24.20  0.24 1214.22 1231.80  DGR 133.07 22.17 Tonga
 1999177 2205 -17.76 -178.17 -66.66  140.00 623.9  55.88 198.72  50.14 -17.00  4.50  1.52  0.15  95.79  1.69  934.98  948.70  DRV 176.20 28.81 Tonga
 2000125 2036 -17.85 -178.49 -66.66  140.00 480.3  55.70 198.64  49.83   0.00 12.00  0.82  0.11 134.06  3.11  948.40  968.73  DRV 174.01 24.95 Tonga
 2001309 2307 -17.29 -179.25 -66.66  140.00 564.1  55.99 198.28  48.79 -33.00  4.25  1.40  0.12  88.20  1.49  943.71  964.78  DRV 142.58 39.75 Tonga
 2002221 1331 -15.65 -175.94 -66.66  140.00 353.0  58.55 198.95  51.74  24.00 13.75  0.80  0.14 152.07  4.03 1001.58 1025.58  DRV 172.45 41.04 Tonga
 2002231 1101 -21.74 -179.08  32.68 -116.67 630.9  80.49  49.27 236.67 -26.00  3.25  2.40  0.23 358.87  0.93 1217.34 1242.41  BAR 210.08 53.24 Tonga
 2004322 2109 -20.07 -178.71  34.88 -117.99 622.6  79.41  46.84 236.52  20.00 17.75  0.57  0.27 140.61  0.55 1211.20 1234.56 EDW2 195.84 47.65 Tonga
 2006033 1248 -17.75 -178.39  33.65 -117.01 597.5  77.66  48.55 238.91 -25.00  6.75  1.18  0.09  25.56  0.77 1193.99 1214.60  DGR 163.07 24.92 Tonga
 2006055 1415 -18.00 -179.59 -66.66  140.00 622.4  55.22 198.32  48.68 -28.00 10.00  1.35  0.21  94.23  1.98  925.35  939.82  DRV 172.91 17.73 Tonga
 2006153 0731 -20.36 -178.27  33.65 -117.01 590.0  79.31  48.10 236.85 -25.00  7.75  1.08  0.11  24.84  1.44 1216.32 1240.10  DGR 199.12 56.63 Tonga
 2007008 2052 -18.43 -177.86 -66.66  140.00 406.0  55.34 198.96  50.74 -30.00  9.50  1.20  0.13 110.25  0.97  964.74  976.28  DRV 205.19 40.83 Tonga
 2007323 0052 -20.59 -178.26  34.88 -117.99 548.0  79.46  46.56 235.84  25.00 12.50  0.80  0.21  49.94  1.92 1235.68 1250.45 EDW2 202.16 57.69 Tonga
 2008201 2239 -17.34 -177.31  38.03 -120.39 391.0  76.71  42.83 235.32 -36.00  7.50  1.18  0.10  99.38  0.89 1215.26 1239.17  CMB 152.92 37.83 Tonga
 2008201 2239 -17.34 -177.31  33.65 -117.01 391.0  76.62  48.14 238.52 -18.00  4.75  1.45  0.10 108.07  0.48 1222.42 1239.84  DGR 152.92 37.83 Tonga
 2008334 0559 -18.70 -177.72 -66.66  140.00 386.0  55.13 199.06  51.00  21.00  7.75  0.73  0.12 136.43  1.00  956.19  975.40  DRV 195.53 43.60 Tonga
 2008352 1055 -17.74 -178.37 -66.66  140.00 530.3  55.84 198.65  49.92   0.00  3.00  0.95  0.04 128.97  0.79  949.17  965.91  DRV 162.53 25.08 Tonga
#
# Column names
# ============
# DATE:    Four-digit year and three digit day-of-year
# TIME:    Two-digit hour and two-digit minute, UTC
# EVLA, EVLO:  Event latitude and longitude (degrees, +ve N and E)
# STLA, STLO:  Station latitude and longitude (degrees, +ve N and E)
# EVDP:    Event depth (km)
# DIST:    Great circle distance (degrees)
# AZI:     Forward azimuth from event to station (degrees CW from N)
# BAZ:     Backazimuth from station to source (degrees CW from N)
# FAST:    Orientation of fast shear wave (degrees CW from N at station)
# DFAST:   1-sigma error in FAST (degrees)
# TLAG:    Delay time between fast and slow shear waves (s)
# DTLAG:   1-sigma error in TLAG (s)
# SPOL:    Source polarisation recovered from splitting parameters at receiver (degrees CW from N)
# DSPOL:   1-sigma error in SPOL (degrees)
# WBEG:    Start time of splitting analysis window, relative to event origin time (s)
# WEND:    End time of splitting analysis window, relative to event origin time (s)
# STAT:    Station name
# STRIKE:  Strike of slab at event (degrees CW from N)
# DIP:     Dip of slab at event (degrees)
# REGION:  Region assigned to event
#
# Data from:
#     Andy Nowacki, J-Michael Kendall, James Wookey and Asher Pemberton
#     Mid-mantle anisotropy in subduction zones and deep water transport
#     Geochemistry, Geophysics, Geosystems
#     Vol. 16, pp. 764-784.  
#     doi:10.1002/2014GC005667
